finished T = 1 , columns for Wd : 10 
ans =

   65   10

ans =

   1000     65

ans =

   1000     10

confusionMatrix =

    88     0     1     0     0     3     2     0     0     0
     0    87    10     0     0     1     2     0     2     5
     0     0   100     0     0     0     0     0     0     1
     0     0     1    86     0     5     0     0     0     2
     1     5     0     0    89     0     4     0     0     3
     0     0     2     0     0    95     0     0     0     2
     0     0     0     0     0     0   104     0     0     0
     0     0     0     0     0     0     0   106     1     0
     0     6     1     0     3     0     6     0    75     1
     1     4     1     0     2     3     0     0     0    89

ans =  1000
finished T = 2 , columns for Wd : 10 
ans =

   65   10

ans =

   1000     65

ans =

   1000     10

confusionMatrix =

    89     0     2     0     0     2     1     0     0     0
     0    87     9     0     0     2     1     0     1     7
     0     0   101     0     0     0     0     0     0     0
     0     0     0    92     0     1     0     0     0     1
     0     6     0     0    87     0     4     0     0     5
     0     0     3     0     0    93     0     0     0     3
     0     0     0     0     0     0   104     0     0     0
     0     0     0     0     0     0     0   106     1     0
     0     6     2     0     0     0     1     0    83     0
     0     3     1     0     1     2     0     0     0    93

ans =  1000
finished T = 3 , columns for Wd : 10 
ans =

   65   10

ans =

   1000     65

ans =

   1000     10

confusionMatrix =

    92     0     1     0     0     1     0     0     0     0
     0    89     7     0     0     2     0     0     2     7
     0     0   101     0     0     0     0     0     0     0
     0     0     6    75     0     9     0     1     0     3
     1     2     0     0    96     0     0     0     0     3
     0     0     2     0     0    95     0     0     0     2
     0     1     0     0     1     0   102     0     0     0
     0     0     0     0     0     0     0   107     0     0
     0     3     0     0     2     0     0     0    87     0
     1     3     1     0     1     2     0     0     0    92

ans =  1000
finished T = 4 , columns for Wd : 10 
ans =

   65   10

ans =

   1000     65

ans =

   1000     10

confusionMatrix =

    91     0     0     0     0     2     1     0     0     0
     0    89     6     1     0     2     0     0     5     4
     0     0   101     0     0     0     0     0     0     0
     0     0     0    91     0     1     0     1     1     0
     1     3     0     0    91     0     3     0     1     3
     0     0     2     0     0    93     0     0     2     2
     0     0     0     0     0     0   104     0     0     0
     0     0     0     0     0     0     0   107     0     0
     0     2     0     0     0     0     0     0    90     0
     1     3     0     0     1     0     0     1     2    92

ans =  1000
finished T = 5 , columns for Wd : 10 
ans =

   65   10

ans =

   1000     65

ans =

   1000     10

confusionMatrix =

    87     0     2     0     0     3     1     0     0     1
     0    84     7     0     0     2     1     0     5     8
     0     0   101     0     0     0     0     0     0     0
     0     0     3    81     0     5     0     1     3     1
     0     0     0     0    95     0     4     0     0     3
     0     0     2     0     0    94     0     0     1     2
     0     0     0     0     0     0   104     0     0     0
     0     0     0     0     0     0     0   106     0     1
     0     1     0     0     1     0     0     0    90     0
     0     3     1     0     1     0     0     0     2    93

ans =  1000
finished T = 6 , columns for Wd : 10 
ans =

   65   10

ans =

   1000     65

ans =

   1000     10

confusionMatrix =

    92     0     0     0     0     1     1     0     0     0
     0    79     6     1     0     2     0     0    11     8
     0     0   101     0     0     0     0     0     0     0
     0     0     0    91     0     1     0     0     2     0
     1     0     0     0    95     0     3     0     1     2
     0     0     2     0     0    93     0     0     2     2
     0     0     0     0     0     0   104     0     0     0
     0     0     0     0     0     0     0   105     1     1
     0     0     0     0     1     0     0     0    91     0
     1     0     0     0     1     0     0     0     3    95

ans =  1000
finished T = 7 , columns for Wd : 10 
ans =

   65   10

ans =

   1000     65

ans =

   1000     10

confusionMatrix =

    92     0     1     0     0     1     0     0     0     0
     0    85     7     0     0     2     0     0     5     8
     0     0   101     0     0     0     0     0     0     0
     0     0     3    83     0     4     0     1     1     2
     2     0     0     0    93     0     2     0     0     5
     0     0     3     0     0    93     0     0     1     2
     0     0     0     0     0     0   104     0     0     0
     0     0     0     0     0     0     0   106     0     1
     0     2     0     0     1     0     0     0    88     1
     1     2     2     0     0     4     0     0     0    91

ans =  1000
finished T = 8 , columns for Wd : 10 
ans =

   65   10

ans =

   1000     65

ans =

   1000     10

confusionMatrix =

    92     0     1     0     0     0     0     0     0     1
     0    93     6     0     0     0     0     0     2     6
     0     0   101     0     0     0     0     0     0     0
     0     0     0    90     0     2     0     0     0     2
     0     0     0     0    97     0     2     0     0     3
     0     0     2     0     0    93     0     0     2     2
     0     0     0     0     0     0   104     0     0     0
     0     0     0     0     0     0     0   105     0     2
     0     3     1     0     3     0     0     0    84     1
     0     3     1     0     1     0     0     0     0    95

ans =  1000
finished T = 9 , columns for Wd : 10 
ans =

   65   10

ans =

   1000     65

ans =

   1000     10

confusionMatrix =

    93     0     1     0     0     0     0     0     0     0
     0    85     9     0     0     1     0     0     7     5
     0     0   101     0     0     0     0     0     0     0
     0     0     2    82     0     3     0     1     6     0
     1     0     0     0    97     0     2     0     1     1
     0     0     3     0     0    92     0     0     2     2
     0     0     0     0     0     0   104     0     0     0
     0     0     0     0     0     0     0   106     1     0
     0     0     0     0     1     0     0     0    91     0
     1     3     1     0     2     2     0     0     4    87

ans =  1000
finished T = 10 , columns for Wd : 10 
ans =

   65   10

ans =

   1000     65

ans =

   1000     10

confusionMatrix =

    90     0     2     0     0     1     0     0     0     1
     0    80    10     0     0     1     0     0     6    10
     0     0   101     0     0     0     0     0     0     0
     0     0     4    82     0     1     0     1     2     4
     0     0     0     0   100     0     0     0     0     2
     0     0     4     0     0    91     0     0     2     2
     0     0     0     0     0     0   104     0     0     0
     0     0     0     0     0     0     0   106     0     1
     0     0     1     0     2     0     0     0    89     0
     0     1     2     0     1     0     0     0     0    96

ans =  1000
finished T = 11 , columns for Wd : 10 
ans =

   65   10

ans =

   1000     65

ans =

   1000     10

